,coeff,log_coeff,sqrt_coeff,exp_coeff,square_coeff
four_year_resale_value,-0.421017227178438,-0.4100817199588935,-0.41799431038777435,-0.3164809032857504,-0.4150813590606291
Price_in_thousands,-0.5566588292603122,-0.5286004921075216,-0.5449794292352768,-0.40603842630875137,-0.5627834205592429
Engine_size,-0.09414847527226242,-0.09060027057702368,-0.09189202200387606,-0.10005621179972592,-0.09729831032457346
Horsepower,-0.39167212375007937,-0.36107486035506337,-0.37684988380067835,-0.4031564999924518,-0.41649228101997726
Wheelbase,0.22103338853525967,0.2223723539652547,0.22169933872760442,0.19984797828099968,0.21977009040595516
Width,0.03872213067368337,0.03541641723459412,0.03704562716656847,0.160130249835982,0.04207604736995765
Length,0.18325009531321984,0.18334061741227603,0.18329497835756092,0.16607733344079148,0.18316769808267946
Curb_weight,-0.04614512071410751,-0.05280828473141959,-0.050508254545315344,-0.0213049416532781,-0.03788419318018575
Fuel_capacity,-0.019658539675066693,-0.026315650852712726,-0.023249561155517563,0.0663935234339576,-0.012158117518429367
Fuel_efficiency,0.11993534935883533,0.1079372643660131,0.11386318384289208,0.10678037002509541,0.13050223511561487
Power_perf_factor,-0.42144614491279375,-0.3908588376993298,-0.40670520253989934,-0.4232683847214646,-0.4448185239824064
Manufacturer_Audi,-0.12938421883610168,-0.12938421883610102,-0.12938421883610168,-0.1293842188361005,-0.12938421883610168
Manufacturer_BMW,-0.07958323267549558,-0.07958323267549526,-0.07958323267549558,-0.07958323267549483,-0.07958323267549558
Manufacturer_Buick,0.09146585677070194,0.09146585677070193,0.09146585677070194,0.09146585677070167,0.09146585677070194
Manufacturer_Cadillac,-0.08741709825160421,-0.08741709825160472,-0.08741709825160421,-0.08741709825160426,-0.08741709825160421
Manufacturer_Chevrolet,0.1007742387326189,0.10077423873261915,0.1007742387326189,0.10077423873261944,0.1007742387326189
Manufacturer_Chrysler,-0.02504372582620378,-0.025043725826203764,-0.02504372582620378,-0.025043725826203723,-0.02504372582620378
Manufacturer_Dodge,0.10941998571383695,0.10941998571383676,0.10941998571383695,0.10941998571383695,0.10941998571383695
Manufacturer_Ford,0.3525581347365215,0.3525581347365204,0.3525581347365215,0.3525581347365214,0.3525581347365215
Manufacturer_Honda,0.15905830435658436,0.1590583043565848,0.15905830435658436,0.15905830435658444,0.15905830435658436
Manufacturer_Hyundai,0.05169019919537785,0.05169019919537769,0.05169019919537785,0.05169019919537754,0.05169019919537785
Manufacturer_Infiniti,-0.012939788639383084,-0.012939788639383124,-0.012939788639383084,-0.012939788639383104,-0.012939788639383084
Manufacturer_Jaguar,-0.04256242838414355,-0.042562428384143716,-0.04256242838414355,-0.04256242838414369,-0.04256242838414355
Manufacturer_Jeep,0.14184584434035322,0.14184584434035302,0.14184584434035322,0.14184584434035238,0.14184584434035322
Manufacturer_Lexus,-0.14332056121844025,-0.14332056121844053,-0.14332056121844025,-0.1433205612184408,-0.14332056121844025
Manufacturer_Lincoln,-0.015872201692571003,-0.01587220169257099,-0.015872201692571003,-0.015872201692570913,-0.015872201692571003
Manufacturer_Mercedes-B,-0.23885193912748534,-0.2388519391274859,-0.23885193912748534,-0.23885193912748595,-0.23885193912748534
Manufacturer_Mercury,0.024128796688973733,0.024128796688973768,0.024128796688973733,0.024128796688973827,0.024128796688973733
Manufacturer_Mitsubishi,-0.09590123272616229,-0.09590123272616227,-0.09590123272616229,-0.09590123272616223,-0.09590123272616229
Manufacturer_Nissan,0.12046725507796531,0.12046725507796531,0.12046725507796531,0.12046725507796537,0.12046725507796531
Manufacturer_Oldsmobile,-0.06499406730840104,-0.0649940673084011,-0.06499406730840104,-0.06499406730840114,-0.06499406730840104
Manufacturer_Plymouth,-0.14401026774326417,-0.14401026774326417,-0.14401026774326417,-0.14401026774326403,-0.14401026774326417
Manufacturer_Pontiac,0.10380505890273228,0.10380505890273235,0.10380505890273228,0.10380505890273248,0.10380505890273228
Manufacturer_Porsche,-0.24354933954925806,-0.24354933954925792,-0.24354933954925806,-0.24354933954925756,-0.24354933954925806
Manufacturer_Saab,-0.09700543889869674,-0.09700543889869677,-0.09700543889869674,-0.09700543889869677,-0.09700543889869674
Manufacturer_Saturn,-0.042069461518204336,-0.0420694615182044,-0.042069461518204336,-0.04206946151820436,-0.042069461518204336
Manufacturer_Subaru,0.03267621085617875,0.03267621085617874,0.03267621085617875,0.03267621085617874,0.03267621085617875
Manufacturer_Toyota,0.14879226611977295,0.14879226611977306,0.14879226611977295,0.148792266119773,0.14879226611977295
Manufacturer_Volkswagen,-0.04159807123316843,-0.04159807123316842,-0.04159807123316843,-0.041598071233168415,-0.04159807123316843
Manufacturer_Volvo,-0.17264676174570182,-0.17264676174570173,-0.17264676174570182,-0.17264676174570176,-0.17264676174570182
Vehicle_type_Passenger,-0.2711015906009309,-0.27110159060093164,-0.2711015906009309,-0.2711015906009312,-0.2711015906009309
ln_Sales_in_thousands,1.0,0.985300885204119,0.993019713123224,0.8628236018772358,0.9802666402172253
